function [e2,e3] = v(t)
  i = [3.10 3.12 3.14 3.18 3.24];
  di2 = [2 2 4 6 6];
  di3 = [2 2 3 5 7];
  e2 = 0.98.*di2.+0.142.*i;
  e3 = 0.98.*di3.+0.142.*i;
endfunction